70
0 1 21
0 4 29
0 24 52
0 2 1
0 20 50
0 56 57
0 36 20
0 21 6
0 54 56
0 5 45
0 33 45
0 41 34
0 11 33
0 18 57
0 28 27
0 28 59
0 30 24
0 25 53
0 40 20
0 33 49
0 49 56
0 1 32
0 9 54
0 14 53
0 50 16
0 57 58
0 51 49
0 25 42
0 58 7
0 34 42
0 48 6
0 47 18
0 28 38
0 12 19
0 40 50
0 52 48
0 57 41
0 21 43
0 11 21
0 30 31
0 34 22
0 10 34
0 13 14
0 49 34
0 28 6
0 33 37
0 18 48
0 37 6
0 1 1
0 35 23
0 36 41
0 44 39
0 16 20
0 18 21
0 14 38
0 49 9
0 31 27
0 39 28
0 53 23
0 28 49
0 15 23
0 33 0
0 44 11
0 50 6
0 12 30
0 40 54
0 24 52
0 4 20
0 8 32
1 2 28